#begin CHARACTERS
37 46 74 81
133 46 170 81
229 46 266 81
325 46 362 81
37 142 74 177
133 142 170 177
229 142 266 177
325 142 362 177
37 238 74 273
133 238 170 273
229 238 266 273
325 238 362 273
37 334 74 369
133 334 170 369
229 334 266 369
325 334 362 369
#end
#begin BONUSES
10 17 34 34
106 17 130 34
202 17 226 34
298 17 322 34
10 113 34 130
106 113 130 130
202 113 226 130
298 113 322 130
10 209 34 226
106 209 130 226
202 209 226 226
298 209 322 226
10 305 34 322
106 305 130 322
202 305 226 322
298 305 322 322
#end
#begin VALUES
73 28 94 45
169 28 190 45
265 28 286 45
361 28 382 45
73 124 94 141
169 124 190 141
265 124 286 141
361 124 382 141
73 220 94 237
169 220 190 237
265 220 286 237
361 220 382 237
73 316 94 333
169 316 190 333
265 316 286 333
361 316 382 333
#end
#begin WINDOW
0 0 404 406
#end
